  8538 42741 56946 48128  4931 12245  5075  7501
 51137 27681 41301 48212  8964 12183 19534 54972
 60623 16826 36827 16347 65141 57391 14975 47454
 64048  5547 28592 30281 19312 19946 33766 11878
 40506 39437   278 60612 59153 20426  5581 14981
 56964 19621 58608 65530 42906 34424 30914 34864
 16182 45733 26130 35325 13776 39691 38150 15374
 59286 34676 50250  6839 15084 53645 47952  6309
 49044 57177 39371 23734 55508 32126 64568 63691
 19855 39133 29879 33568 23348 52055 20608 11124
 46543 40486 51551 15674  8350 40063    33 58432
 44823  7972 55281 48759 58736 33710  7861 54287
  1211 21715 65406 60740 47975 46548 14964 24006
  8306 47388 16959 46916 36940  9703 34832 23167
 20760 46486 22782  9557 10656 48639 33149  9241
 32278  7107   727 16751 10910 60249 13935  3514
 48428 34710 28706 56784 21057 51720 55860 60317
 45190 38800 24569 62297 32198 51062 16793  4940
 19043 62442 18597 40786 59784 25140
